map_config:
  latitude: 39.95861455287
  longitude: 116.30306795172
  elevation: 0.0
  roll: 0.0
  pitch: 0.0
  yaw: 0.0
  
